2609210000205
2609150002028
2608280004362
2609180001949
2609180000421
2609180000942
2609180001110
2609180000883
2609180000911
2609180000874
2609180000406
2609180000401
2609180000018
2609170002040
2609160001825
2609160000232
2609160000750
2609090003745
2609150000241
2609150001132
2609140000482
2609110002139
2609110002074
2609110002155
2609110000020
2609110000021
2609110003107
2609100001959
2609100000379
2609100000293
2609090003723
2609090003743
2609090003748
2609090003767
2609090003707
2609090002525
2609090000316
2609080002383
2609080001027
2609080002593
2609080000965
2609080001018
2609080001031
2609080001023
2609080000303
2609070001070
2609070000884
2609070000788
2609070000543
2609070000610
2609060000176
2609050000344
2609040002027
2609040002032
2609040002048
2609040002063
2609040002038
2609040002068
2609040002070
2609040002118
2609040002132
2609040002138
2609040002141
2609040002144
2609040002155
2609040002161
2609040002225
2609040002174
2609040002221
2609040002052
2609040002257
2609040003326
2609040002297
2609040000976
2608310004122
2609030004712
2608260000330
2609020001092
2609020001085
2609020002276
2609020001108
2609020002499
2609010002342
2608030000920
2609010000987
2609010001143
2609010000471
2609010001310
2609010001100
2608270001085
2606050001035
2608310001015
2608310004079
2608310000987
2608310001175
2608310000441
2608310000390
2608280003346
2608280000343
2608280000909
2608280000837
2608270003491
2608260001233
2608250001247
2608240000744
2608230000116
2608210000870
2608200004626
2608190003967
2608200001120
2608190000207
2608190000208
2608180004775
2607280001320
2608140001920
2608130003409
2608130000328
2608130000326
2608120000033
2608080000030
2608080000028
2608100005512
2608060003350
2608100001178
2608040004407
2608100000606
2608100000409
2608050003193
2608050002277
2608050003197
2608050003265
2608040003556
2608040003674
2607310000993
2607300002938
2607290003980
2607290000312
2607280003760
2607280001309
2607280000027
2607280000023
2607250000032
2607270000964
2607270000618
2607270000556
2607270000564
2607270000572
2607240003061
2607220003409
2607230000240
2607220003399
2607220003536
2607220002024
2607220000273
2607220000032
2607200005006
2607170000513
2607170000501
2607210002673
2607210001334
2607210002403
2607160000940
2607020001120
2607150000190
2607180000381
2607200002913
2607140000025
2607090000320
2607090002144
2607160000207
2607150002371
2607090003199
2607200004946
2606090002367
2606150004431
2606250002201
2607140002500
2606290000328
2606080001133
2607080002143
2607130005812
2607150002072
2606250003534
2607090002076
2607020002699
2607030001070
2606240000377
2607130000205
2606050004182
2606250001891
2607060004558
2606100001985
2607080000901
2606260003551
2605230000295
2607080001146
2607080003505
2605280000022
2607060002943
2607060002825